mean_error = 1.06667
overestimate = 1
underestimate = -4
roots = 1
edges = 0.928571
leaves = 0.875
ancestry = 0.866667
