mean_error = 1.2
overestimate = 4
underestimate = -3
roots = 0
edges = 0.918367
leaves = 0.925926
ancestry = 0.101124
