mean_error = 2.06
overestimate = 4
underestimate = -51
roots = 0
edges = 0.857143
leaves = 0.857143
ancestry = 0.75
