mean_error = 1.34
overestimate = 3
underestimate = -5
roots = 1
edges = 0.938776
leaves = 0.956522
ancestry = 0.884615
