mean_error = 0.5
overestimate = 1
underestimate = -1
roots = 0
edges = 0.959184
leaves = 0.925926
ancestry = 0.921569
