mean_error = 1.33333
overestimate = 1
underestimate = -3
roots = 1
edges = 0.785714
leaves = 1
ancestry = 0.647059
