mean_error = 0.866667
overestimate = 1
underestimate = -3
roots = 1
edges = 0.928571
leaves = 1
ancestry = 0.866667
