mean_error = 0.68
overestimate = 2
underestimate = -2
roots = 0
edges = 0.959184
leaves = 0.851852
ancestry = 0.921569
