mean_error = 2.16
overestimate = 5
underestimate = -1
roots = 0
edges = 0.708333
leaves = 0.6875
ancestry = 0.548387
