mean_error = 0.98
overestimate = 1
underestimate = -3
roots = 0
edges = 0.938776
leaves = 0.956522
ancestry = 0.884615
