mean_error = 1.32
overestimate = 4
underestimate = -2
roots = 0
edges = 0.916667
leaves = 0.923077
ancestry = 0.846154
