mean_error = 0.466667
overestimate = 1
underestimate = -1
roots = 0
edges = 0.857143
leaves = 0.857143
ancestry = 0.473684
