mean_error = 1.08
overestimate = 2
underestimate = -2
roots = 0
edges = 0.959184
leaves = 0.961538
ancestry = 0.921569
