mean_error = 1.6
overestimate = 3
underestimate = -1
roots = 0
edges = 0.714286
leaves = 0.888889
ancestry = 0.555556
