mean_error = 6.9
overestimate = 2
underestimate = -68
roots = 0
edges = 0.836735
leaves = 0.857143
ancestry = 0.0888889
