mean_error = 3.26
overestimate = 1
underestimate = -60
roots = 0
edges = 0.959184
leaves = 0.892857
ancestry = 0.921569
