mean_error = 0.84
overestimate = 2
underestimate = -6
roots = 1
edges = 0.959184
leaves = 0.925926
ancestry = 0.921569
