mean_error = 1.28
overestimate = 2
underestimate = -4
roots = 0
edges = 0.916667
leaves = 0.923077
ancestry = 0.846154
