mean_error = 0.133333
overestimate = 1
underestimate = 0
roots = 0
edges = 0.714286
leaves = 0.777778
ancestry = 0.333333
