mean_error = 0.48
overestimate = 2
underestimate = -1
roots = 0
edges = 0.833333
leaves = 0.923077
ancestry = 0.714286
