mean_error = 0.533333
overestimate = 2
underestimate = -2
roots = 1
edges = 0.928571
leaves = 0.888889
ancestry = 0.866667
