mean_error = 1.56
overestimate = 1
underestimate = -35
roots = 1
edges = 0.958333
leaves = 0.916667
ancestry = 0.92
