mean_error = 0.7
overestimate = 1
underestimate = -5
roots = 1
edges = 0.938776
leaves = 0.958333
ancestry = 0.884615
