mean_error = 0.733333
overestimate = 7
underestimate = -1
roots = 0
edges = 0.785714
leaves = 0.857143
ancestry = 0.647059
