mean_error = 0.333333
overestimate = 1
underestimate = -2
roots = 1
edges = 0.928571
leaves = 0.9
ancestry = 0.866667
