mean_error = 1.12
overestimate = 1
underestimate = -16
roots = 0
edges = 0.958333
leaves = 0.916667
ancestry = 0.92
