mean_error = 0.56
overestimate = 1
underestimate = -2
roots = 0
edges = 0.791667
leaves = 0.928571
ancestry = 0.655172
