mean_error = 0.78
overestimate = 12
underestimate = -3
roots = 0
edges = 0.897959
leaves = 0.958333
ancestry = 0.814815
