mean_error = 0.6
overestimate = 1
underestimate = -2
roots = 0
edges = 0.836735
leaves = 0.962963
ancestry = 0.719298
