mean_error = 1.38
overestimate = 5
underestimate = -3
roots = 0
edges = 0.816327
leaves = 0.807692
ancestry = 0.689655
