mean_error = 0.866667
overestimate = 1
underestimate = -2
roots = 0
edges = 0.928571
leaves = 0.8
ancestry = 0.866667
