mean_error = 0.62
overestimate = 1
underestimate = -3
roots = 0
edges = 0.959184
leaves = 0.965517
ancestry = 0.921569
