mean_error = 0.52
overestimate = 1
underestimate = -1
roots = 1
edges = 0.959184
leaves = 0.958333
ancestry = 0.921569
