mean_error = 3.24
overestimate = 2
underestimate = -28
roots = 0
edges = 0.833333
leaves = 0.833333
ancestry = 0.714286
