mean_error = 0.44
overestimate = 1
underestimate = -2
roots = 0
edges = 0.833333
leaves = 0.866667
ancestry = 0.170732
