mean_error = 1.14
overestimate = 3
underestimate = -4
roots = 0
edges = 0.877551
leaves = 0.925926
ancestry = 0.0888889
