mean_error = 0.84
overestimate = 3
underestimate = -2
roots = 0
edges = 0.938776
leaves = 0.916667
ancestry = 0.884615
