mean_error = 0.24
overestimate = 1
underestimate = -3
roots = 0
edges = 0.833333
leaves = 0.923077
ancestry = 0.170732
