mean_error = 1.06667
overestimate = 3
underestimate = -2
roots = 1
edges = 0.928571
leaves = 1
ancestry = 0.866667
