mean_error = 1.22
overestimate = 2
underestimate = -7
roots = 1
edges = 0.877551
leaves = 0.833333
ancestry = 0.781818
