mean_error = 1.06
overestimate = 5
underestimate = -3
roots = 0
edges = 0.897959
leaves = 0.931034
ancestry = 0.814815
