mean_error = 1.4
overestimate = 2
underestimate = -4
roots = 0
edges = 0.897959
leaves = 0.851852
ancestry = 0.814815
