mean_error = 0.68
overestimate = 2
underestimate = -3
roots = 0
edges = 0.938776
leaves = 0.923077
ancestry = 0.884615
