mean_error = 0
overestimate = 0
underestimate = 0
roots = 0
edges = 0.785714
leaves = 0.888889
ancestry = 0.647059
