mean_error = 1.12
overestimate = 2
underestimate = -4
roots = 0
edges = 0.918367
leaves = 0.916667
ancestry = 0.849057
