mean_error = 1.02
overestimate = 1
underestimate = -4
roots = 0
edges = 0.918367
leaves = 0.964286
ancestry = 0.849057
