mean_error = 0.78
overestimate = 1
underestimate = -4
roots = 1
edges = 0.959184
leaves = 0.964286
ancestry = 0.921569
