mean_error = 1.13333
overestimate = 3
underestimate = -3
roots = 0
edges = 0.857143
leaves = 0.888889
ancestry = 0.75
