mean_error = 1.12
overestimate = 3
underestimate = -3
roots = 0
edges = 0.833333
leaves = 0.923077
ancestry = 0.714286
