mean_error = 1.33333
overestimate = 2
underestimate = -5
roots = 0
edges = 0.928571
leaves = 0.75
ancestry = 0.866667
