mean_error = 0.6
overestimate = 12
underestimate = -3
roots = 0
edges = 0.918367
leaves = 0.961538
ancestry = 0.849057
