mean_error = 0.48
overestimate = 1
underestimate = -1
roots = 0
edges = 0.916667
leaves = 0.928571
ancestry = 0.846154
