mean_error = 0.44
overestimate = 1
underestimate = 0
roots = 0
edges = 0.959184
leaves = 0.888889
ancestry = 0.921569
