mean_error = 0.466667
overestimate = 2
underestimate = -1
roots = 1
edges = 0.928571
leaves = 0.875
ancestry = 0.866667
