mean_error = 0.466667
overestimate = 1
underestimate = 0
roots = 0
edges = 0.642857
leaves = 0.875
ancestry = 0.473684
