mean_error = 1.38
overestimate = 2
underestimate = -16
roots = 0
edges = 0.979592
leaves = 0.923077
ancestry = 0.96
