mean_error = 1.56
overestimate = 4
underestimate = -2
roots = 0
edges = 0.791667
leaves = 0.923077
ancestry = 0.170732
