mean_error = 0.58
overestimate = 2
underestimate = -2
roots = 0
edges = 0.959184
leaves = 0.925926
ancestry = 0.921569
