mean_error = 1.4
overestimate = 3
underestimate = -2
roots = 0
edges = 0.916667
leaves = 0.923077
ancestry = 0.846154
