mean_error = 1.26667
overestimate = 3
underestimate = -2
roots = 0
edges = 0.928571
leaves = 0.777778
ancestry = 0.866667
