mean_error = 1.12
overestimate = 3
underestimate = -2
roots = 0
edges = 0.877551
leaves = 0.916667
ancestry = 0.781818
