mean_error = 0.36
overestimate = 1
underestimate = -1
roots = 0
edges = 0.833333
leaves = 0.857143
ancestry = 0.714286
