mean_error = 1.76
overestimate = 5
underestimate = -3
roots = 0
edges = 0.938776
leaves = 0.857143
ancestry = 0.884615
