mean_error = 1.64
overestimate = 2
underestimate = -6
roots = 0
edges = 0.938776
leaves = 0.961538
ancestry = 0.884615
