mean_error = 0.266667
overestimate = 1
underestimate = 0
roots = 1
edges = 0.785714
leaves = 0.875
ancestry = 0.647059
