mean_error = 0.76
overestimate = 1
underestimate = -3
roots = 0
edges = 0.875
leaves = 0.833333
ancestry = 0.777778
