mean_error = 0.56
overestimate = 1
underestimate = 0
roots = 1
edges = 0.916667
leaves = 0.933333
ancestry = 0.846154
