mean_error = 1.48
overestimate = 9
underestimate = -4
roots = 0
edges = 0.916667
leaves = 0.928571
ancestry = 0.230769
