mean_error = 0.38
overestimate = 1
underestimate = -1
roots = 0
edges = 0.938776
leaves = 0.952381
ancestry = 0.101124
