mean_error = 3.94
overestimate = 1
underestimate = -68
roots = 1
edges = 0.897959
leaves = 0.869565
ancestry = 0.814815
