mean_error = 2.02
overestimate = 1
underestimate = -7
roots = 0
edges = 0.897959
leaves = 0.923077
ancestry = 0.814815
