mean_error = 0.76
overestimate = 1
underestimate = -3
roots = 1
edges = 0.916667
leaves = 0.909091
ancestry = 0.846154
