mean_error = 1.12
overestimate = 2
underestimate = -1
roots = 1
edges = 0.916667
leaves = 0.923077
ancestry = 0.846154
