mean_error = 1.4
overestimate = 2
underestimate = -15
roots = 0
edges = 0.959184
leaves = 0.884615
ancestry = 0.921569
