mean_error = 3.12
overestimate = 1
underestimate = -68
roots = 1
edges = 0.959184
leaves = 0.925926
ancestry = 0.921569
