mean_error = 0.533333
overestimate = 1
underestimate = 0
roots = 0
edges = 0.857143
leaves = 0.857143
ancestry = 0.75
