mean_error = 5.4
overestimate = 1
underestimate = -49
roots = 0
edges = 0.816327
leaves = 0.766667
ancestry = 0.689655
