mean_error = 0.36
overestimate = 1
underestimate = -2
roots = 0
edges = 0.916667
leaves = 0.818182
ancestry = 0.846154
