mean_error = 1
overestimate = 1
underestimate = -23
roots = 0
edges = 0.959184
leaves = 0.933333
ancestry = 0.921569
