mean_error = 1.52
overestimate = 5
underestimate = -2
roots = 0
edges = 0.916667
leaves = 0.916667
ancestry = 0.846154
