mean_error = 6.6
overestimate = 1
underestimate = -68
roots = 1
edges = 0.938776
leaves = 0.916667
ancestry = 0.884615
