mean_error = 0.133333
overestimate = 1
underestimate = 0
roots = 1
edges = 0.928571
leaves = 0.857143
ancestry = 0.866667
