mean_error = 4.26
overestimate = 1
underestimate = -68
roots = 0
edges = 0.938776
leaves = 0.888889
ancestry = 0.884615
