mean_error = 1.52
overestimate = 1
underestimate = -13
roots = 0
edges = 0.857143
leaves = 0.821429
ancestry = 0.75
