mean_error = 1.36
overestimate = 4
underestimate = -29
roots = 0
edges = 0.959184
leaves = 0.875
ancestry = 0.921569
