mean_error = 1.56
overestimate = 1
underestimate = -58
roots = 0
edges = 0.959184
leaves = 0.931034
ancestry = 0.921569
