mean_error = 1.48
overestimate = 1
underestimate = -11
roots = 1
edges = 0.979592
leaves = 0.925926
ancestry = 0.96
