mean_error = 1.24
overestimate = 2
underestimate = -3
roots = 0
edges = 0.875
leaves = 0.933333
ancestry = 0.777778
