mean_error = 1.22
overestimate = 2
underestimate = -6
roots = 0
edges = 0.897959
leaves = 0.962963
ancestry = 0.814815
