mean_error = 0.36
overestimate = 1
underestimate = -1
roots = 0
edges = 0.816327
leaves = 0.875
ancestry = 0.689655
