mean_error = 0.96
overestimate = 1
underestimate = -3
roots = 0
edges = 0.791667
leaves = 0.909091
ancestry = 0.655172
