mean_error = 1.13333
overestimate = 3
underestimate = -1
roots = 0
edges = 0.928571
leaves = 0.75
ancestry = 0.866667
