mean_error = 0.32
overestimate = 1
underestimate = -1
roots = 1
edges = 0.959184
leaves = 0.961538
ancestry = 0.921569
