mean_error = 5.08
overestimate = 2
underestimate = -58
roots = 1
edges = 0.836735
leaves = 0.857143
ancestry = 0.719298
