mean_error = 0.56
overestimate = 1
underestimate = -1
roots = 0
edges = 0.875
leaves = 0.818182
ancestry = 0.170732
