mean_error = 0.42
overestimate = 1
underestimate = -2
roots = 0
edges = 0.938776
leaves = 0.928571
ancestry = 0.884615
