mean_error = 0.08
overestimate = 1
underestimate = 0
roots = 0
edges = 0.791667
leaves = 0.846154
ancestry = 0.655172
