mean_error = 1.33333
overestimate = 12
underestimate = -2
roots = 0
edges = 0.714286
leaves = 1
ancestry = 0.272727
