mean_error = 0.74
overestimate = 1
underestimate = -13
roots = 0
edges = 0.979592
leaves = 0.962963
ancestry = 0.96
