mean_error = 0.78
overestimate = 2
underestimate = -5
roots = 1
edges = 0.959184
leaves = 0.956522
ancestry = 0.921569
