mean_error = 0.6
overestimate = 2
underestimate = -2
roots = 1
edges = 0.959184
leaves = 0.931034
ancestry = 0.921569
