mean_error = 0.44
overestimate = 1
underestimate = -2
roots = 1
edges = 0.916667
leaves = 0.928571
ancestry = 0.846154
