mean_error = 2.26
overestimate = 8
underestimate = -4
roots = 0
edges = 0.714286
leaves = 0.8125
ancestry = 0.555556
