mean_error = 1.28
overestimate = 1
underestimate = -3
roots = 0
edges = 0.916667
leaves = 0.909091
ancestry = 0.846154
