mean_error = 1.26
overestimate = 2
underestimate = -21
roots = 0
edges = 0.918367
leaves = 0.857143
ancestry = 0.849057
