mean_error = 4.04
overestimate = 1
underestimate = -54
roots = 1
edges = 0.877551
leaves = 0.821429
ancestry = 0.0888889
