mean_error = 0.32
overestimate = 2
underestimate = -2
roots = 0
edges = 0.916667
leaves = 0.846154
ancestry = 0.846154
