mean_error = 3.58
overestimate = 1
underestimate = -56
roots = 1
edges = 0.959184
leaves = 0.913043
ancestry = 0.921569
