mean_error = 0.44
overestimate = 1
underestimate = -1
roots = 1
edges = 0.875
leaves = 0.846154
ancestry = 0.777778
