mean_error = 1.16
overestimate = 1
underestimate = -27
roots = 1
edges = 0.958333
leaves = 0.928571
ancestry = 0.92
