mean_error = 0.36
overestimate = 1
underestimate = -3
roots = 0
edges = 0.918367
leaves = 0.933333
ancestry = 0.849057
