mean_error = 3.32
overestimate = 3
underestimate = -38
roots = 1
edges = 0.938776
leaves = 0.958333
ancestry = 0.884615
