mean_error = 0.58
overestimate = 1
underestimate = -5
roots = 1
edges = 0.959184
leaves = 0.916667
ancestry = 0.921569
