mean_error = 1.18
overestimate = 4
underestimate = -2
roots = 0
edges = 0.959184
leaves = 0.965517
ancestry = 0.101124
