mean_error = 1.16
overestimate = 1
underestimate = -4
roots = 0
edges = 0.875
leaves = 0.928571
ancestry = 0.777778
