mean_error = 1.16
overestimate = 2
underestimate = -9
roots = 0
edges = 0.959184
leaves = 0.884615
ancestry = 0.921569
