mean_error = 1.53333
overestimate = 6
underestimate = -1
roots = 0
edges = 0.785714
leaves = 0.75
ancestry = 0.647059
