mean_error = 1
overestimate = 1
underestimate = -2
roots = 0
edges = 0.785714
leaves = 0.857143
ancestry = 0.647059
