mean_error = 0.666667
overestimate = 2
underestimate = -1
roots = 0
edges = 0.928571
leaves = 1
ancestry = 0.866667
