mean_error = 1.84
overestimate = 2
underestimate = -7
roots = 0
edges = 0.816327
leaves = 0.896552
ancestry = 0.689655
