mean_error = 0.34
overestimate = 1
underestimate = -2
roots = 1
edges = 0.959184
leaves = 0.928571
ancestry = 0.921569
