mean_error = 0.26
overestimate = 1
underestimate = -4
roots = 0
edges = 0.959184
leaves = 0.925926
ancestry = 0.0888889
