mean_error = 0.666667
overestimate = 0
underestimate = -4
roots = 1
edges = 0.928571
leaves = 0.857143
ancestry = 0.4
