mean_error = 0.74
overestimate = 1
underestimate = -13
roots = 0
edges = 0.959184
leaves = 0.92
ancestry = 0.921569
