mean_error = 3.92
overestimate = 1
underestimate = -60
roots = 0
edges = 0.958333
leaves = 0.857143
ancestry = 0.92
