mean_error = 0.4
overestimate = 2
underestimate = -1
roots = 0
edges = 0.928571
leaves = 0.714286
ancestry = 0.866667
