mean_error = 1.32
overestimate = 3
underestimate = -4
roots = 0
edges = 0.816327
leaves = 0.851852
ancestry = 0.0888889
