mean_error = 1.18
overestimate = 3
underestimate = -3
roots = 0
edges = 0.897959
leaves = 0.928571
ancestry = 0.101124
