mean_error = 1.2
overestimate = 3
underestimate = -3
roots = 0
edges = 0.714286
leaves = 0.888889
ancestry = 0.272727
