mean_error = 1.26667
overestimate = 1
underestimate = -3
roots = 0
edges = 0.785714
leaves = 0.888889
ancestry = 0.647059
