mean_error = 0.666667
overestimate = 2
underestimate = -4
roots = 0
edges = 0.857143
leaves = 0.888889
ancestry = 0.75
