mean_error = 0.0666667
overestimate = 1
underestimate = 0
roots = 1
edges = 0.857143
leaves = 0.875
ancestry = 0.75
