mean_error = 1.04
overestimate = 1
underestimate = -5
roots = 0
edges = 0.875
leaves = 0.857143
ancestry = 0.777778
