mean_error = 0.48
overestimate = 1
underestimate = -3
roots = 1
edges = 0.959184
leaves = 0.923077
ancestry = 0.921569
