mean_error = 8.92
overestimate = 1
underestimate = -68
roots = 0
edges = 0.795918
leaves = 0.733333
ancestry = 0.661017
