mean_error = 1.18
overestimate = 7
underestimate = -3
roots = 0
edges = 0.897959
leaves = 0.888889
ancestry = 0.814815
