mean_error = 1.94
overestimate = 2
underestimate = -68
roots = 1
edges = 0.938776
leaves = 0.916667
ancestry = 0.884615
