mean_error = 1.28
overestimate = 5
underestimate = -3
roots = 0
edges = 0.916667
leaves = 0.785714
ancestry = 0.846154
