mean_error = 1.7
overestimate = 1
underestimate = -29
roots = 1
edges = 0.938776
leaves = 0.916667
ancestry = 0.884615
