mean_error = 1.08
overestimate = 3
underestimate = -1
roots = 0
edges = 0.916667
leaves = 0.916667
ancestry = 0.846154
