mean_error = 1.48
overestimate = 9
underestimate = -4
roots = 0
edges = 0.938776
leaves = 0.962963
ancestry = 0.884615
