mean_error = 0.8
overestimate = 1
underestimate = -4
roots = 0
edges = 0.897959
leaves = 0.961538
ancestry = 0.814815
