mean_error = 0.733333
overestimate = 2
underestimate = -2
roots = 0
edges = 0.928571
leaves = 0.833333
ancestry = 0.866667
