mean_error = 0.466667
overestimate = 1
underestimate = -2
roots = 1
edges = 0.857143
leaves = 0.888889
ancestry = 0.75
