mean_error = 4.42
overestimate = 2
underestimate = -52
roots = 0
edges = 0.918367
leaves = 0.875
ancestry = 0.849057
