mean_error = 0.98
overestimate = 2
underestimate = -18
roots = 0
edges = 0.877551
leaves = 0.925926
ancestry = 0.781818
