mean_error = 1.06667
overestimate = 3
underestimate = -1
roots = 1
edges = 0.857143
leaves = 1
ancestry = 0.333333
