mean_error = 0.36
overestimate = 1
underestimate = -2
roots = 1
edges = 0.916667
leaves = 0.909091
ancestry = 0.846154
