mean_error = 1.12
overestimate = 4
underestimate = -3
roots = 1
edges = 0.916667
leaves = 0.928571
ancestry = 0.846154
