mean_error = 1.52
overestimate = 2
underestimate = -4
roots = 1
edges = 0.875
leaves = 0.857143
ancestry = 0.777778
