mean_error = 0.266667
overestimate = 1
underestimate = 0
roots = 0
edges = 0.928571
leaves = 0.714286
ancestry = 0.866667
