mean_error = 0.7
overestimate = 2
underestimate = -3
roots = 0
edges = 0.938776
leaves = 0.958333
ancestry = 0.0888889
