mean_error = 0.6
overestimate = 2
underestimate = -2
roots = 0
edges = 0.928571
leaves = 0.888889
ancestry = 0.866667
