mean_error = 0.88
overestimate = 1
underestimate = -33
roots = 0
edges = 0.959184
leaves = 0.896552
ancestry = 0.921569
