mean_error = 1.28
overestimate = 1
underestimate = -4
roots = 1
edges = 0.833333
leaves = 0.916667
ancestry = 0.714286
