mean_error = 0.6
overestimate = 3
underestimate = -1
roots = 0
edges = 0.916667
leaves = 0.933333
ancestry = 0.846154
