mean_error = 1.16
overestimate = 2
underestimate = -4
roots = 0
edges = 0.938776
leaves = 0.916667
ancestry = 0.884615
