mean_error = 1.24
overestimate = 4
underestimate = -4
roots = 0
edges = 0.897959
leaves = 0.925926
ancestry = 0.814815
