mean_error = 0.58
overestimate = 1
underestimate = -2
roots = 0
edges = 0.897959
leaves = 0.928571
ancestry = 0.814815
