mean_error = 0.666667
overestimate = 2
underestimate = -2
roots = 1
edges = 0.928571
leaves = 1
ancestry = 0.866667
