mean_error = 1
overestimate = 2
underestimate = -3
roots = 0
edges = 0.959184
leaves = 0.913043
ancestry = 0.921569
