mean_error = 0.533333
overestimate = 1
underestimate = -3
roots = 1
edges = 0.928571
leaves = 0.875
ancestry = 0.866667
