mean_error = 1.02
overestimate = 2
underestimate = -5
roots = 1
edges = 0.959184
leaves = 0.923077
ancestry = 0.921569
