mean_error = 0.28
overestimate = 1
underestimate = -3
roots = 1
edges = 0.875
leaves = 0.923077
ancestry = 0.777778
