mean_error = 1.2
overestimate = 2
underestimate = -3
roots = 0
edges = 0.928571
leaves = 0.666667
ancestry = 0.866667
