roots = 0
edges = 0.555556
leaves = 0.666667
ancestry = 0.384615
