mean_error = 1.12
overestimate = 1
underestimate = -3
roots = 0
edges = 0.875
leaves = 0.928571
ancestry = 0.777778
