mean_error = 1.04
overestimate = 1
underestimate = -3
roots = 1
edges = 0.938776
leaves = 0.954545
ancestry = 0.884615
