mean_error = 1.24
overestimate = 2
underestimate = -54
roots = 1
edges = 0.979592
leaves = 0.958333
ancestry = 0.96
