mean_error = 0.4
overestimate = 1
underestimate = 0
roots = 0
edges = 0.833333
leaves = 0.941176
ancestry = 0.714286
