mean_error = 1.22
overestimate = 4
underestimate = -3
roots = 0
edges = 0.918367
leaves = 0.892857
ancestry = 0.849057
