mean_error = 1.16
overestimate = 9
underestimate = -3
roots = 0
edges = 0.791667
leaves = 0.928571
ancestry = 0.655172
