mean_error = 1.56
overestimate = 1
underestimate = -5
roots = 0
edges = 0.708333
leaves = 0.923077
ancestry = 0.548387
