mean_error = 1.53333
overestimate = 9
underestimate = -1
roots = 1
edges = 0.928571
leaves = 0.875
ancestry = 0.866667
