mean_error = 2.46
overestimate = 1
underestimate = -58
roots = 0
edges = 0.918367
leaves = 0.884615
ancestry = 0.101124
