mean_error = 1.06667
overestimate = 9
underestimate = -2
roots = 0
edges = 0.714286
leaves = 0.9
ancestry = 0.555556
