mean_error = 1.46667
overestimate = 1
underestimate = -3
roots = 1
edges = 0.857143
leaves = 0.857143
ancestry = 0.75
