mean_error = 0.8
overestimate = 1
underestimate = -3
roots = 1
edges = 0.785714
leaves = 0.818182
ancestry = 0.647059
