mean_error = 2.18
overestimate = 2
underestimate = -29
roots = 1
edges = 0.959184
leaves = 0.857143
ancestry = 0.921569
